{"nbformat":4,"nbformat_minor":0,"metadata":{"colab":{"name":"Numpy-quiz-linear-algebra-ans.ipynb","provenance":[],"collapsed_sections":[],"authorship_tag":"ABX9TyO9/bObVXn/sWjjI6pdp4D1"},"kernelspec":{"name":"python3","display_name":"Python 3"}},"cells":[{"cell_type":"code","metadata":{"id":"JfFofeX2rtN1","colab_type":"code","colab":{}},"source":["import numpy as np"],"execution_count":0,"outputs":[]},{"cell_type":"markdown","metadata":{"id":"O9iH7SC5skD5","colab_type":"text"},"source":["# 1.\n","평균 0.1, 표준편차 2인 정규분포에서 16개 샘플링 한 것을 M에 저장."]},{"cell_type":"code","metadata":{"id":"59OAus9FkV56","colab_type":"code","colab":{}},"source":["np.random.seed(seed=10)"],"execution_count":0,"outputs":[]},{"cell_type":"code","metadata":{"id":"vu3gS-M6urNa","colab_type":"code","outputId":"b051ab2d-7d1b-4492-f711-2bd9331ae8cb","executionInfo":{"status":"ok","timestamp":1581849526587,"user_tz":-540,"elapsed":962,"user":{"displayName":"Pp P","photoUrl":"","userId":"08298133653752998002"}},"colab":{"base_uri":"https://localhost:8080/","height":86}},"source":["''' \n","output:\n","array([ 2.76317301,  1.53055795, -2.99080058,  0.0832323 ,  1.34267195,\n","       -1.34017112,  0.63102317,  0.31709705,  0.10858286, -0.24920042,\n","        0.96605238,  2.50607475, -1.83013134,  2.15654816,  0.55726026,\n","        0.99027523])\n","'''\n","M = 2*np.random.randn(16)+0.1\n","M"],"execution_count":0,"outputs":[{"output_type":"execute_result","data":{"text/plain":["array([ 2.76317301,  1.53055795, -2.99080058,  0.0832323 ,  1.34267195,\n","       -1.34017112,  0.63102317,  0.31709705,  0.10858286, -0.24920042,\n","        0.96605238,  2.50607475, -1.83013134,  2.15654816,  0.55726026,\n","        0.99027523])"]},"metadata":{"tags":[]},"execution_count":15}]},{"cell_type":"markdown","metadata":{"id":"-6SJABcHvG7e","colab_type":"text"},"source":["# 2.\n","위에서 작성한 배열 M을 4*4의 매트릭스 형태로 만들것.  \n","즉, shape을 바꿔준다."]},{"cell_type":"code","metadata":{"id":"6anHb_ojquCt","colab_type":"code","outputId":"34455239-99b6-47cb-fc09-eac57d08a61b","executionInfo":{"status":"ok","timestamp":1581849526589,"user_tz":-540,"elapsed":847,"user":{"displayName":"Pp P","photoUrl":"","userId":"08298133653752998002"}},"colab":{"base_uri":"https://localhost:8080/","height":86}},"source":["'''\n","output:\n","array([[ 2.76317301,  1.53055795, -2.99080058,  0.0832323 ],\n","       [ 1.34267195, -1.34017112,  0.63102317,  0.31709705],\n","       [ 0.10858286, -0.24920042,  0.96605238,  2.50607475],\n","       [-1.83013134,  2.15654816,  0.55726026,  0.99027523]])\n","'''\n","M = M.reshape(4, 4)\n","M"],"execution_count":0,"outputs":[{"output_type":"execute_result","data":{"text/plain":["array([[ 2.76317301,  1.53055795, -2.99080058,  0.0832323 ],\n","       [ 1.34267195, -1.34017112,  0.63102317,  0.31709705],\n","       [ 0.10858286, -0.24920042,  0.96605238,  2.50607475],\n","       [-1.83013134,  2.15654816,  0.55726026,  0.99027523]])"]},"metadata":{"tags":[]},"execution_count":16}]},{"cell_type":"markdown","metadata":{"id":"kVg2hrExvpbd","colab_type":"text"},"source":["# 3\n","벡터 x를 위에서 작성한 M과 곱해준 결과 값을 y에 저장할 것."]},{"cell_type":"code","metadata":{"id":"3yA-Ebx6sMN5","colab_type":"code","colab":{}},"source":["x = np.array([7, -2, 5, -1])"],"execution_count":0,"outputs":[]},{"cell_type":"code","metadata":{"id":"qUaH5RVlsXG1","colab_type":"code","outputId":"32eec800-393d-46cd-f9e6-abd5e2bfc34e","executionInfo":{"status":"ok","timestamp":1581849526591,"user_tz":-540,"elapsed":655,"user":{"displayName":"Pp P","photoUrl":"","userId":"08298133653752998002"}},"colab":{"base_uri":"https://localhost:8080/","height":34}},"source":["# output: array([  1.24385994,  14.91706468,   3.58266803, -15.32798962])\n","y = np.dot(M, x)\n","y"],"execution_count":0,"outputs":[{"output_type":"execute_result","data":{"text/plain":["array([  1.24385994,  14.91706468,   3.58266803, -15.32798962])"]},"metadata":{"tags":[]},"execution_count":18}]},{"cell_type":"markdown","metadata":{"id":"-ngLiNDhyIAl","colab_type":"text"},"source":["# 4\n","매트릭스 M의 determinant를 이용하여 inverse가 존재 여부 판별. 존재하면 True, 아니면 False"]},{"cell_type":"code","metadata":{"id":"dz7e_aDssYlt","colab_type":"code","outputId":"dbbb53bf-c126-4ae9-94c4-e99f9b72311e","executionInfo":{"status":"ok","timestamp":1581849527181,"user_tz":-540,"elapsed":1134,"user":{"displayName":"Pp P","photoUrl":"","userId":"08298133653752998002"}},"colab":{"base_uri":"https://localhost:8080/","height":34}},"source":["# output: True\n","np.linalg.det(M)!=0"],"execution_count":0,"outputs":[{"output_type":"execute_result","data":{"text/plain":["True"]},"metadata":{"tags":[]},"execution_count":19}]},{"cell_type":"markdown","metadata":{"id":"WrZ-W0aYzCvS","colab_type":"text"},"source":["# 5\n","매트릭스 M의 inverse matrix를 구해서 M_inv에 저장."]},{"cell_type":"code","metadata":{"id":"nUeZ8aifsZ1A","colab_type":"code","outputId":"3da919c7-fb50-45c7-fcf9-2bf68524fb84","executionInfo":{"status":"ok","timestamp":1581849542497,"user_tz":-540,"elapsed":795,"user":{"displayName":"Pp P","photoUrl":"","userId":"08298133653752998002"}},"colab":{"base_uri":"https://localhost:8080/","height":86}},"source":["'''\n","output:\n","array([[ 0.18928642,  0.97415101, -0.30189282,  0.43615229],\n","       [ 0.16306094,  0.71171647, -0.38993855,  0.745207  ],\n","       [-0.07500374,  1.25160174, -0.46311119,  0.77751595],\n","       [ 0.03692593, -0.45390861,  0.55185792, -0.24451541]])\n","'''\n","M_inv = np.linalg.inv(M)\n","M_inv"],"execution_count":0,"outputs":[{"output_type":"execute_result","data":{"text/plain":["array([[ 0.18928642,  0.97415101, -0.30189282,  0.43615229],\n","       [ 0.16306094,  0.71171647, -0.38993855,  0.745207  ],\n","       [-0.07500374,  1.25160174, -0.46311119,  0.77751595],\n","       [ 0.03692593, -0.45390861,  0.55185792, -0.24451541]])"]},"metadata":{"tags":[]},"execution_count":23}]},{"cell_type":"markdown","metadata":{"id":"o83nEV6_zfz7","colab_type":"text"},"source":["# 6\n","M_inv와 y를 곱해준 결과와 x와 비교해볼 것."]},{"cell_type":"code","metadata":{"id":"3Ab8W_8lzz4Z","colab_type":"code","outputId":"0a613166-289a-453b-f4ef-8c10c8a8f77f","executionInfo":{"status":"ok","timestamp":1581849527498,"user_tz":-540,"elapsed":1054,"user":{"displayName":"Pp P","photoUrl":"","userId":"08298133653752998002"}},"colab":{"base_uri":"https://localhost:8080/","height":34}},"source":["x"],"execution_count":0,"outputs":[{"output_type":"execute_result","data":{"text/plain":["array([ 7, -2,  5, -1])"]},"metadata":{"tags":[]},"execution_count":22}]},{"cell_type":"code","metadata":{"id":"qo-ktA99zY52","colab_type":"code","outputId":"5fa66856-44fe-4a96-de7d-dc2387a1460d","executionInfo":{"status":"ok","timestamp":1581849575883,"user_tz":-540,"elapsed":728,"user":{"displayName":"Pp P","photoUrl":"","userId":"08298133653752998002"}},"colab":{"base_uri":"https://localhost:8080/","height":34}},"source":["# output: array([ 7., -2.,  5., -1.])\n","np.dot(M_inv, y)"],"execution_count":0,"outputs":[{"output_type":"execute_result","data":{"text/plain":["array([ 7., -2.,  5., -1.])"]},"metadata":{"tags":[]},"execution_count":24}]},{"cell_type":"code","metadata":{"id":"WGBqRom5lEA2","colab_type":"code","colab":{}},"source":[""],"execution_count":0,"outputs":[]}]}